<!DOCTYPE html>
<html xmlns="http://www.w3.org/1999/xhtml" lang="" xml:lang="">
  <head>
    <title>1.5: Preferences II: MRS and Utility Functions</title>
    <meta charset="utf-8" />
    <meta name="author" content="Ryan Safner  Assistant Professor of Economics    safner@hood.edu    ryansafner/microf19    microF19.classes.ryansafner.com" />
    <link href="libs/remark-css/hygge.css" rel="stylesheet" />
    <script src="libs/htmlwidgets/htmlwidgets.js"></script>
    <script src="libs/plotly-binding/plotly.js"></script>
    <script src="libs/typedarray/typedarray.min.js"></script>
    <script src="libs/jquery/jquery.min.js"></script>
    <link href="libs/crosstalk/css/crosstalk.css" rel="stylesheet" />
    <script src="libs/crosstalk/js/crosstalk.min.js"></script>
    <link href="libs/plotly-htmlwidgets-css/plotly-htmlwidgets.css" rel="stylesheet" />
    <script src="libs/plotly-main/plotly-latest.min.js"></script>
    <script src="https://use.fontawesome.com/5235085b15.js"></script>
    <link rel="stylesheet" href="custom.css" type="text/css" />
    <link rel="stylesheet" href="custom-fonts.css" type="text/css" />
  </head>
  <body>
    <textarea id="source">
class: center, middle, inverse, title-slide

# 1.5: Preferences II: MRS and Utility Functions
## ECON 306 · Microeconomic Analysis · Fall 2019
### Ryan Safner<br> Assistant Professor of Economics <br> <a href="mailto:safner@hood.edu"><i class="fa fa-paper-plane fa-fw"></i> safner@hood.edu</a> <br> <a href="https://github.com/ryansafner/microf19"><i class="fa fa-github fa-fw"></i> ryansafner/microf19</a><br> <a href="https://microF19.classes.ryansafner.com"> <i class="fa fa-globe fa-fw"></i> microF19.classes.ryansafner.com</a><br>

---





# Utility Functions and Indifference Curves I

.pull-left[
- Two tools to represent preferences: indifference curves and utility functions

- Indifference curve: all equally preferred bundles `\(\iff\)` same utility level

- Each indifference curve represents one level (or contour) of utility surface (function)

]

.pull-right[

.center[
![](https://www.dropbox.com/s/nw0v6bsho0ab4zq/choices.jpg?raw=1)
]
]

---

# Utility Functions and Indifference Curves II

.pull-left[

.center[

3-D Utility Function: `\(u(x,y)=\sqrt{xy}\)`
<div id="htmlwidget-617b2c236e2a1e314dbe" style="width:504px;height:396px;" class="plotly html-widget"></div>
<script type="application/json" data-for="htmlwidget-617b2c236e2a1e314dbe">{"x":{"visdat":{"351d539521dd":["function () ","plotlyVisDat"]},"cur_data":"351d539521dd","attrs":{"351d539521dd":{"x":[0,1,2,3,4,5,6,7,8,9,10],"y":[0,1,2,3,4,5,6,7,8,9,10],"z":[[0,0,0,0,0,0,0,0,0,0],[0,1,1.4142135623731,1.73205080756888,2,2.23606797749979,2.44948974278318,2.64575131106459,2.82842712474619,3],[0,1.4142135623731,2,2.44948974278318,2.82842712474619,3.16227766016838,3.46410161513775,3.74165738677394,4,4.24264068711928],[0,1.73205080756888,2.44948974278318,3,3.46410161513775,3.87298334620742,4.24264068711928,4.58257569495584,4.89897948556636,5.19615242270663],[0,2,2.82842712474619,3.46410161513775,4,4.47213595499958,4.89897948556636,5.29150262212918,5.65685424949238,6],[0,2.23606797749979,3.16227766016838,3.87298334620742,4.47213595499958,5,5.47722557505166,5.91607978309962,6.32455532033676,6.70820393249937],[0,2.44948974278318,3.46410161513775,4.24264068711928,4.89897948556636,5.47722557505166,6,6.48074069840786,6.92820323027551,7.34846922834953],[0,2.64575131106459,3.74165738677394,4.58257569495584,5.29150262212918,5.91607978309962,6.48074069840786,7,7.48331477354788,7.93725393319377],[0,2.82842712474619,4,4.89897948556636,5.65685424949238,6.32455532033676,6.92820323027551,7.48331477354788,8,8.48528137423857],[0,3,4.24264068711928,5.19615242270663,6,6.70820393249937,7.34846922834953,7.93725393319377,8.48528137423857,9]],"alpha_stroke":1,"sizes":[10,100],"spans":[1,20],"type":"surface","inherit":true}},"layout":{"margin":{"b":40,"l":60,"t":25,"r":10},"scene":{"xaxis":{"title":"X"},"yaxis":{"title":"Y"},"zaxis":{"title":"Utility"}},"hovermode":"closest","showlegend":false,"legend":{"yanchor":"top","y":0.5}},"source":"A","config":{"showSendToCloud":false},"data":[{"colorbar":{"title":"","ticklen":2,"len":0.5,"lenmode":"fraction","y":1,"yanchor":"top"},"colorscale":[["0","rgba(68,1,84,1)"],["0.0416666666666667","rgba(70,19,97,1)"],["0.0833333333333333","rgba(72,32,111,1)"],["0.125","rgba(71,45,122,1)"],["0.166666666666667","rgba(68,58,128,1)"],["0.208333333333333","rgba(64,70,135,1)"],["0.25","rgba(60,82,138,1)"],["0.291666666666667","rgba(56,93,140,1)"],["0.333333333333333","rgba(49,104,142,1)"],["0.375","rgba(46,114,142,1)"],["0.416666666666667","rgba(42,123,142,1)"],["0.458333333333333","rgba(38,133,141,1)"],["0.5","rgba(37,144,140,1)"],["0.541666666666667","rgba(33,154,138,1)"],["0.583333333333333","rgba(39,164,133,1)"],["0.625","rgba(47,174,127,1)"],["0.666666666666667","rgba(53,183,121,1)"],["0.708333333333333","rgba(79,191,110,1)"],["0.75","rgba(98,199,98,1)"],["0.791666666666667","rgba(119,207,85,1)"],["0.833333333333333","rgba(147,214,70,1)"],["0.875","rgba(172,220,52,1)"],["0.916666666666667","rgba(199,225,42,1)"],["0.958333333333333","rgba(226,228,40,1)"],["1","rgba(253,231,37,1)"]],"showscale":true,"x":[0,1,2,3,4,5,6,7,8,9,10],"y":[0,1,2,3,4,5,6,7,8,9,10],"z":[[0,0,0,0,0,0,0,0,0,0],[0,1,1.4142135623731,1.73205080756888,2,2.23606797749979,2.44948974278318,2.64575131106459,2.82842712474619,3],[0,1.4142135623731,2,2.44948974278318,2.82842712474619,3.16227766016838,3.46410161513775,3.74165738677394,4,4.24264068711928],[0,1.73205080756888,2.44948974278318,3,3.46410161513775,3.87298334620742,4.24264068711928,4.58257569495584,4.89897948556636,5.19615242270663],[0,2,2.82842712474619,3.46410161513775,4,4.47213595499958,4.89897948556636,5.29150262212918,5.65685424949238,6],[0,2.23606797749979,3.16227766016838,3.87298334620742,4.47213595499958,5,5.47722557505166,5.91607978309962,6.32455532033676,6.70820393249937],[0,2.44948974278318,3.46410161513775,4.24264068711928,4.89897948556636,5.47722557505166,6,6.48074069840786,6.92820323027551,7.34846922834953],[0,2.64575131106459,3.74165738677394,4.58257569495584,5.29150262212918,5.91607978309962,6.48074069840786,7,7.48331477354788,7.93725393319377],[0,2.82842712474619,4,4.89897948556636,5.65685424949238,6.32455532033676,6.92820323027551,7.48331477354788,8,8.48528137423857],[0,3,4.24264068711928,5.19615242270663,6,6.70820393249937,7.34846922834953,7.93725393319377,8.48528137423857,9]],"type":"surface","frame":null}],"highlight":{"on":"plotly_click","persistent":false,"dynamic":false,"selectize":false,"opacityDim":0.2,"selected":{"opacity":1},"debounce":0},"shinyEvents":["plotly_hover","plotly_click","plotly_selected","plotly_relayout","plotly_brushed","plotly_brushing","plotly_clickannotation","plotly_doubleclick","plotly_deselect","plotly_afterplot"],"base_url":"https://plot.ly"},"evals":[],"jsHooks":[]}</script>
]
]
.pull-right[
.center[
2-D Indifference Curve Contours: `\(y=\frac{u^2}{x}\)`

&lt;img src="05-slides_files/figure-html/unnamed-chunk-2-1.png" width="504" /&gt;

]
]

---

class: inverse, center, middle
# Marginal Utility

---

# MRS and Marginal Utility I

.pull-left[

- Recall: .shout[marginal rate of substitution `\\(MRS_{x,y}\\)`] is the slope of the indifference curve
    - Rate at which `\(y\)` is given up for 1 more `\(x\)`

- It would be handy to be able to calculate MRS
    - Recall it changes (a curve, not a straxfight line)!
    - We can calculate it using something from the **utility function**

]
.pull-right[



&lt;img src="05-slides_files/figure-html/unnamed-chunk-4-1.png" width="432" style="display: block; margin: auto;" /&gt;

]

---

# MRS and Marginal Utility II

.pull-left[

- .shout[Marginal utility]: change in (total) utility from a one-unit increase in consumption of a good

]
.pull-right[

&lt;img src="05-slides_files/figure-html/unnamed-chunk-5-1.png" width="432" style="display: block; margin: auto;" /&gt;

]

---

# MRS and Marginal Utility II

.pull-left[

- .shout[Marginal utility]: change in (total) utility from a one-unit increase in consumption of a good

.content-box-green[
.green[**Marginal utility of `\\(x\\)`**]: `\(MU_x = \frac{\Delta u(x,y)}{\Delta x}\)`
]

]
.pull-right[

&lt;img src="05-slides_files/figure-html/unnamed-chunk-6-1.png" width="432" style="display: block; margin: auto;" /&gt;

]

---

# MRS and Marginal Utility II

.pull-left[

- .shout[Marginal utility]: change in (total) utility from a one-unit increase in consumption of a good

.content-box-green[
.green[**Marginal utility of `\\(x\\)`**]: `\(MU_x = \frac{\Delta u(x,y)}{\Delta x}\)`
]

.content-box-green[
.green[**Marginal utility of `\\(y\\)`**]: `\(MU_y = \frac{\Delta u(x,y)}{\Delta y}\)`
]

]
.pull-right[

&lt;img src="05-slides_files/figure-html/unnamed-chunk-7-1.png" width="432" style="display: block; margin: auto;" /&gt;

]

---

# MRS and Marginal Utility II

.pull-left[

- .shout[Marginal utility]: change in (total) utility from a one-unit increase in consumption of a good

.content-box-green[
.green[**Marginal utility of `\\(x\\)`**]: `\(MU_x = \frac{\Delta u(x,y)}{\Delta x}\)`
]

.content-box-green[
.green[**Marginal utility of `\\(y\\)`**]: `\(MU_y = \frac{\Delta u(x,y)}{\Delta y}\)`
]

- Math (calculus): "*marginal*" means "*derivative with respect to*"
- I will always derive marginal utility functions for you

]
.pull-right[

&lt;img src="05-slides_files/figure-html/unnamed-chunk-8-1.png" width="432" style="display: block; margin: auto;" /&gt;

]

---

# MRS and Marginal Utility: Example

.content-box-green[
.green[**Example**:] For an example utility function

`$$u(x,y) = x^2+y^3$$`

- Marginal utility of x: `\(\quad MU_x = 2x\)`
- Marginal utlity of y: `\(\quad MU_y = 3y\)`

]

---

# MRS and Marginal Utility III

.pull-left[

- How to relate `\(MU\)` and `\(MRS\)`?

- Moving along an indifference curve
    - `\(X\)` and `\(Y\)` will change
    - `\(MU_x\)` and `\(MU_y\)` will change
    - *Utility is constant* `\((\Delta u=0)\)`

]
.pull-right[

&lt;img src="05-slides_files/figure-html/unnamed-chunk-9-1.png" width="432" style="display: block; margin: auto;" /&gt;

]

---

# MRS and Marginal Utility IV

.pull-left[

- How to relate `\(MU\)` and `\(MRS\)`?

- Moving along an indifference curve
    - `\(X\)` and `\(Y\)` will change
    - `\(MU_x\)` and `\(MU_y\)` will change
    - *Utility is constant* `\((\Delta u=0)\)`

`$$\begin{align*}
MU_x \Delta x+MU_y\Delta y&amp;= \Delta u\\
\end{align*}$$`

]
.pull-right[

&lt;img src="05-slides_files/figure-html/unnamed-chunk-10-1.png" width="432" style="display: block; margin: auto;" /&gt;

]

---

# MRS and Marginal Utility IV

.pull-left[

- How to relate `\(MU\)` and `\(MRS\)`?

- Moving along an indifference curve
    - `\(X\)` and `\(Y\)` will change
    - `\(MU_x\)` and `\(MU_y\)` will change
    - *Utility is constant* `\((\Delta u=0)\)`

`$$\begin{align*}
MU_x \Delta x+MU_y\Delta y&amp;= \Delta u\\
MU_x \Delta x+MU_y \Delta y &amp;=0\\ \end{align*}$$`

]
.pull-right[

&lt;img src="05-slides_files/figure-html/unnamed-chunk-11-1.png" width="432" style="display: block; margin: auto;" /&gt;

]

---

# MRS and Marginal Utility IV

.pull-left[

- How to relate `\(MU\)` and `\(MRS\)`?

- Moving along an indifference curve
    - `\(X\)` and `\(Y\)` will change
    - `\(MU_x\)` and `\(MU_y\)` will change
    - *Utility is constant* `\((\Delta u=0)\)`

`$$\begin{align*}
MU_x \Delta x+MU_y\Delta y&amp;= \Delta u\\
MU_x \Delta x+MU_y \Delta y &amp;=0\\
-MU_{x} \Delta x &amp;= MU_y \Delta y\\ \end{align*}$$`

]
.pull-right[

&lt;img src="05-slides_files/figure-html/unnamed-chunk-12-1.png" width="432" style="display: block; margin: auto;" /&gt;

]

---

# MRS and Marginal Utility IV

.pull-left[

- How to relate `\(MU\)` and `\(MRS\)`?

- Moving along an indifference curve
    - `\(X\)` and `\(Y\)` will change
    - `\(MU_x\)` and `\(MU_y\)` will change
    - *Utility is constant* `\((\Delta u=0)\)`

`$$\begin{align*}
MU_x \Delta x+MU_y\Delta y&amp;= \Delta u\\
MU_x \Delta x+MU_y \Delta y &amp;=0\\
-MU_{x} \Delta x &amp;= MU_y \Delta y\\
\underbrace{\frac{\Delta y}{\Delta x}}_{MRS} &amp;= -\frac{MU_{x}}{MU_{y}}\\ \end{align*}$$`

]
.pull-right[

&lt;img src="05-slides_files/figure-html/unnamed-chunk-13-1.png" width="432" style="display: block; margin: auto;" /&gt;

]

---

class: inverse, center, middle
# MRS and Preferences

---

# MRS and Preferences

.pull-left[

`$$MRS=\underbrace{\frac{ \Delta y}{\Delta x}}_{slope} = -\frac{MU_{x}}{MU_{y}}$$`

- Observing the choices that consumers make, given their options, give us insight into their preferences

- Represented in indifference curves and MRS

- .whisper[Steepness] of indifference curves tells us how consumers trade off between goods

- Let's look at extremes first

]
.pull-right[

&lt;img src="05-slides_files/figure-html/unnamed-chunk-14-1.png" width="432" style="display: block; margin: auto;" /&gt;

]

---

# MRS and Preferences: Steepness I

.pull-left[
&lt;img src="05-slides_files/figure-html/unnamed-chunk-15-1.png" width="504" style="display: block; margin: auto;" /&gt;

.font90[
- Vertical curves `\(\implies\)` indifference between having more or less Downloads
- Downloads are a .shout[neutral] (neither good nor bad)
- `\(MRS_{T,D}=\infty\)`; give up `\(\infty\)` (or undefined) Downloads to get more Tickets
]
]
--

.pull-right[
&lt;img src="05-slides_files/figure-html/unnamed-chunk-16-1.png" width="504" style="display: block; margin: auto;" /&gt;

.font90[
- Horizontal curves `\(\implies\)` indifference between having more or less Tickets
- Tickets are a .shout[neutral] (neither good nor bad)
- `\(MRS_{T,D}=0\)`
- `\(MRS_{T,D}=0\)`; give up `\(0\)` Downloads to get more Tickets
]
]
---

# MRS and Preferences: Steepness II

.pull-left[
&lt;img src="05-slides_files/figure-html/unnamed-chunk-17-1.png" width="504" style="display: block; margin: auto;" /&gt;


- Flatter `\(\rightarrow\)` willing to give up *few* Downloads per Ticket (and vice versa)
- `\(MRS_{T,D}\)` is small

]

--

.pull-right[
&lt;img src="05-slides_files/figure-html/unnamed-chunk-18-1.png" width="504" style="display: block; margin: auto;" /&gt;

- Steeper `\(\rightarrow\)` willing to give up *more* Downloads per Ticket (and vice versa)
- `\(MRS_{T,D}\)` is large

]

---

# MRS and Preferences: Goods, Bads, Neutrals

.pull-left[

- Now we have better ways to classify objects:

- A .shout[good] enters utility function positively
    - `\(\uparrow\)` good `\(\implies\)` `\(\uparrow\)` utility (and vice versa)
    - Willing to pay (give up other goods) to *acquire more* (monotonic)
]

.pull-right[
.center[
![](https://www.dropbox.com/s/2lz1f7uurlotvpg/goodandbad.jpeg?raw=1)
]
]

---

# MRS and Preferences: Goods, Bads, Neutrals

.pull-left[

- Now we have better ways to classify objects:

- A .shout[good] enters utility function positively
    - `\(\uparrow\)` good `\(\implies\)` `\(\uparrow\)` utility (and vice versa)
    - Willing to pay (give up other goods) to *acquire more* (monotonic)
    
- A .shout[bad] enters utility function negatively
    - `\(\uparrow\)` good `\(\implies\)` `\(\downarrow\)` utility (and vice versa)
    - Willing to pay (give up other goods) to *get rid of*
]

.pull-right[
.center[
![](https://www.dropbox.com/s/2lz1f7uurlotvpg/goodandbad.jpeg?raw=1)
]
]

---

# MRS and Preferences: Goods, Bads, Neutrals

.pull-left[

- Now we have better ways to classify objects:

- A .shout[good] enters utility function positively
    - `\(\uparrow\)` good `\(\implies\)` `\(\uparrow\)` utility (and vice versa)
    - Willing to pay (give up other goods) to *acquire more* (monotonic)
    
- A .shout[bad] enters utility function negatively
    - `\(\uparrow\)` good `\(\implies\)` `\(\downarrow\)` utility (and vice versa)
    - Willing to pay (give up other goods) to *get rid of*
    
- A .shout[neutral] does not enter utility function at all
    - `\(\uparrow, \downarrow\)` has no effect on utility
]

.pull-right[
.center[
![](https://www.dropbox.com/s/2lz1f7uurlotvpg/goodandbad.jpeg?raw=1)
]
]

---

# MRS and Preferences: Curvature

.pull-left[

`$$MRS=\underbrace{\frac{ \Delta y}{\Delta x}}_{slope} = -\frac{MU_{x}}{MU_{y}}$$`

- .whisper[Curvature] of indifference curves tells us how goods are related

- Relatively **straight** curves: goods are more .shout[substitutable] for one another

- Relatively **bent** curves: goods are more .shout[complementary] with one another

- Look at extreme cases first to get the idea

]
.pull-right[

&lt;img src="05-slides_files/figure-html/unnamed-chunk-19-1.png" width="432" style="display: block; margin: auto;" /&gt;

]

---

# MRS and Preferences: Curvature II

.pull-left[

.content-box-green[
.green[**Example**]: Consider 1-Liter bottles of coke and 2-Liter bottles of coke 
]

- Always willing to substitute Two 1-Ls:One 2-L

- .shout[Perfect substitutes]: goods that can be substituted at same fixed rate and yield same utility

- `\(MRS_{1L, 2L}=-0.5\)` (a constant!)

]

.pull-right[
&lt;img src="05-slides_files/figure-html/unnamed-chunk-20-1.png" width="504" style="display: block; margin: auto;" /&gt;
]

---

# MRS and Preferences: Curvature III

.pull-left[

.content-box-red[
.red[**Math FYI: Utility functions for substitutes**]

`$$u(x,y)=w_xx+w_yy$$`

- `\(w_i\)`: relative weight (intensity of relative preference)

- Known as **linear preferences**
]

.content-box-green[
.green[**Example**]
`$$u_{L_{1},L_{2}}=1L_{1}+2L_{2}$$`

- `\(MRS_{L_{1},L_{2}}=-\frac{w_x}{w_y} = -\frac{1}{2}\)`
]
]

.pull-right[
&lt;img src="05-slides_files/figure-html/unnamed-chunk-21-1.png" width="504" style="display: block; margin: auto;" /&gt;
]

---

# MRS and Preferences: Curvature IV

.pull-left[

.content-box-green[
.green[**Example**]: Consider hot dogs and hot dog buns 
]

- Always consume together in fixed proportions (1:1)

- .shout[Perfect complements]: goods that can be consumed together in same fixed proportion and yield same utility

- MRS: ?

]

.pull-right[
&lt;img src="05-slides_files/figure-html/unnamed-chunk-22-1.png" width="504" style="display: block; margin: auto;" /&gt;
]

---

# MRS and Preferences: Curvature V

.pull-left[

.content-box-red[
.red[**Math FYI: Utility functions for complements**]

`$$u(x,y)=min\{w_xx,w_yy\}$$`

- `\(w_i\)`: relative weight (intensity of relative preference)

- MRS `\(=0, \infty\)`, or undefined

- Known as **Leontief preferences**
]

.content-box-green[
.green[**Example**]
`$$u(H,B)=min\{H,B\}$$`

]
]

.pull-right[
&lt;img src="05-slides_files/figure-html/unnamed-chunk-23-1.png" width="504" style="display: block; margin: auto;" /&gt;
]

---

# MRS and Preferences: Curvature VI

.pull-left[
&lt;img src="05-slides_files/figure-html/unnamed-chunk-24-1.png" width="504" style="display: block; margin: auto;" /&gt;

- Straighter `\(\rightarrow\)` more substitutable

]
--

.pull-right[
&lt;img src="05-slides_files/figure-html/unnamed-chunk-25-1.png" width="504" style="display: block; margin: auto;" /&gt;

- Curved `\(\rightarrow\)` more complementary

]

---

# Cobb-Douglas Utility Functions

.pull-left[

- A very common functional form in economics is .shout[Cobb-Douglas]

`$$u(x,y)=x^ay^b$$`

- Where `\(a, b &gt;0\)` (and very often `\(a+b=1\)`)
- Extremely useful, you will see it often!
    - Strictly convex and monotonic indifference curves
    - Other nice properties (we'll see later)
    - See the appendix in [today's class page](http://microf19.classes.ryansafner.com/class/05-class)
]

.pull-right[
&lt;img src="05-slides_files/figure-html/unnamed-chunk-26-1.png" width="504" /&gt;

]


---

# Practice

.content-box-green[
.green[**Example**]: Suppose you can consume apples `\((a)\)` and broccoli `\((b)\)`, and earn utility according to the utility function:
`$$u(a,b)=2ab$$`

Where your marginal utilities are:

`$$\begin{align*}
MU_a&amp;=2b\\
MU_b&amp;=2a\\
\end{align*}$$`

1. Put `\(a\)` on the horizontal axis and `\(b\)` on the vertical axis. Write an equation for `\(MRS_{a,b}\)`.

2. Would bundles of `\((1, 4)\)` and `\((2, 2)\)` be on the same indifference curve?

3. Sketch a graph of the indifference curve from part 2. (Bonus: find the equation of this indifference curve. See the appendix in [today's class page](http://microf19.classes.ryansafner.com/class/05-class).)

4. Is this curve convex? Hint: Does `\(MRS_{a,b} \downarrow\)` as `\(a \uparrow\)`?
]
    </textarea>
<style data-target="print-only">@media screen {.remark-slide-container{display:block;}.remark-slide-scaler{box-shadow:none;}}</style>
<script src="https://remarkjs.com/downloads/remark-latest.min.js"></script>
<script src="macros.js"></script>
<script src="https://platform.twitter.com/widgets.js"></script>
<script>var slideshow = remark.create({
"highlightStyle": "ocean",
"highlightLines": true,
"countIncrementalSlides": false,
"ratio": "16:9",
"slideNumberFormat": "<div class=\"progress-bar-container\">   <div class=\"progress-bar\" style=\"width: calc(%current% / %total% * 100%);\">   </div> </div> "
});
if (window.HTMLWidgets) slideshow.on('afterShowSlide', function (slide) {
  window.dispatchEvent(new Event('resize'));
});
(function(d) {
  var s = d.createElement("style"), r = d.querySelector(".remark-slide-scaler");
  if (!r) return;
  s.type = "text/css"; s.innerHTML = "@page {size: " + r.style.width + " " + r.style.height +"; }";
  d.head.appendChild(s);
})(document);

(function(d) {
  var el = d.getElementsByClassName("remark-slides-area");
  if (!el) return;
  var slide, slides = slideshow.getSlides(), els = el[0].children;
  for (var i = 1; i < slides.length; i++) {
    slide = slides[i];
    if (slide.properties.continued === "true" || slide.properties.count === "false") {
      els[i - 1].className += ' has-continuation';
    }
  }
  var s = d.createElement("style");
  s.type = "text/css"; s.innerHTML = "@media print { .has-continuation { display: none; } }";
  d.head.appendChild(s);
})(document);
// delete the temporary CSS (for displaying all slides initially) when the user
// starts to view slides
(function() {
  var deleted = false;
  slideshow.on('beforeShowSlide', function(slide) {
    if (deleted) return;
    var sheets = document.styleSheets, node;
    for (var i = 0; i < sheets.length; i++) {
      node = sheets[i].ownerNode;
      if (node.dataset["target"] !== "print-only") continue;
      node.parentNode.removeChild(node);
    }
    deleted = true;
  });
})();</script>

<script>
(function() {
  var links = document.getElementsByTagName('a');
  for (var i = 0; i < links.length; i++) {
    if (/^(https?:)?\/\//.test(links[i].getAttribute('href'))) {
      links[i].target = '_blank';
    }
  }
})();
</script>

<script>
slideshow._releaseMath = function(el) {
  var i, text, code, codes = el.getElementsByTagName('code');
  for (i = 0; i < codes.length;) {
    code = codes[i];
    if (code.parentNode.tagName !== 'PRE' && code.childElementCount === 0) {
      text = code.textContent;
      if (/^\\\((.|\s)+\\\)$/.test(text) || /^\\\[(.|\s)+\\\]$/.test(text) ||
          /^\$\$(.|\s)+\$\$$/.test(text) ||
          /^\\begin\{([^}]+)\}(.|\s)+\\end\{[^}]+\}$/.test(text)) {
        code.outerHTML = code.innerHTML;  // remove <code></code>
        continue;
      }
    }
    i++;
  }
};
slideshow._releaseMath(document);
</script>
<!-- dynamically load mathjax for compatibility with self-contained -->
<script>
(function () {
  var script = document.createElement('script');
  script.type = 'text/javascript';
  script.src  = 'https://cdn.bootcss.com/mathjax/2.7.1/MathJax.js?config=TeX-MML-AM_HTMLorMML';
  if (location.protocol !== 'file:' && /^https?:/.test(script.src))
    script.src  = script.src.replace(/^https?:/, '');
  document.getElementsByTagName('head')[0].appendChild(script);
})();
</script>
  </body>
</html>
